200
200
201
201
202
203
204
206
208
210
212
215
218
221
225
229
233
238
243
249
255
262
269
277
286
296
307
318
331
345
361
378
397
418
442
469
498
532
570
614
664
722
790
869
963
1076
1213
1382
1592
1860
2210
2677
3322
4251
5659
7949
12058
20608
43508
148846
7721525
276561
56916
23598
12753
7933
5387
3883
2923
2275
1817
1483
1231
1037
884
762
664
582
515
458
410
370
334
304
277
254
234
216
200
186
173
162
151
142
134
126
119
113
107
102
97
93
89
85
82
79
76
73
71
69
67
65
63
62
60
59
58
57
56
55
54
54
53
53
52
52
52
52
51
52
52
52
52
53
53
54
54
55
56
57
58
59
60
62
63
65
67
69
71
73
76
79
82
85
89
93
97
102
107
113
119
126
134
142
151
162
173
186
200
216
234
254
277
304
334
370
410
458
515
582
664
762
884
1037
1231
1483
1817
2275
2923
3883
5387
7933
12753
23598
56916
276561
7721525
148846
43508
20608
12058
7949
5659
4251
3322
2677
2210
1860
1592
1382
1213
1076
963
869
790
722
664
614
570
532
498
469
442
418
397
378
361
345
331
318
307
296
286
277
269
262
255
249
243
238
233
229
225
221
218
215
212
210
208
206
204
203
202
201
201
200
2
5
14
29
52
82
123
175
243
331
444
593
791
1060
1433
1968
2764
4012
6109
9992
18320
41278
149563
7579645
323143
69518
30276
17175
11199
7956
5991
4705
3813
3167
2683
2310
2016
1779
1585
1424
1289
1175
1076
991
917
852
794
743
698
657
620
586
556
528
503
480
459
439
421
404
389
374
361
348
337
326
315
306
297
288
280
272
265
258
252
246
240
235
230
225
220
216
211
207
204
200
197
193
190
187
184
182
179
177
174
172
170
168
166
164
162
161
159
158
156
155
154
152
151
150
149
148
147
147
146
145
144
144
143
143
142
142
142
141
141
141
141
141
141
141
141
141
141
141
142
142
142
143
143
144
144
145
146
147
147
148
149
150
151
152
154
155
156
158
159
161
162
164
166
168
170
172
174
177
179
182
184
187
190
193
197
200
204
207
211
216
220
225
230
235
240
246
252
258
265
272
280
288
297
306
315
326
337
348
361
374
389
404
421
439
459
480
503
528
556
586
620
657
698
743
794
852
917
991
1076
1175
1289
1424
1585
1779
2016
2310
2683
3167
3813
4705
5991
7956
11199
17175
30276
69518
323143
7579645
149563
41278
18320
9992
6109
4012
2764
1968
1433
1060
791
593
444
331
243
175
123
82
52
29
14
5
300
301
303
306
311
318
326
336
348
363
381
401
426
455
491
533
584
646
723
820
944
1105
1322
1621
2052
2707
3774
5696
9724
20688
73514
8111654
107101
23460
9870
5358
3335
2263
1628
1224
951
758
617
512
430
367
316
275
241
213
189
170
153
138
126
115
105
97
89
83
77
72
67
63
59
55
52
49
47
44
42
40
38
37
35
33
32
31
30
29
28
27
26
25
24
23
23
22
21
21
20
20
19
19
18
18
18
17
17
17
16
16
16
16
15
15
15
15
15
14
14
14
14
14
14
14
13
13
13
13
13
13
13
13
13
13
13
13
13
13
13
13
13
13
13
13
13
13
13
13
13
14
14
14
14
14
14
14
15
15
15
15
15
16
16
16
16
17
17
17
18
18
18
19
19
20
20
21
21
22
23
23
24
25
26
27
28
29
30
31
32
33
35
37
38
40
42
44
47
49
52
55
59
63
67
72
77
83
89
97
105
115
126
138
153
170
189
213
241
275
316
367
430
512
617
758
951
1224
1628
2263
3335
5358
9870
23460
107101
8111654
73514
20688
9724
5696
3774
2707
2052
1621
1322
1105
944
820
723
646
584
533
491
455
426
401
381
363
348
336
326
318
311
306
303
301
518
546
629
777
1004
1334
1806
2483
3473
4965
7321
11286
18604
34144
75975
260541
6636585
828158
158287
66935
37530
24336
17242
12964
10171
8238
6839
5791
4984
4346
3833
3413
3064
2771
2522
2308
2123
1961
1820
1695
1583
1484
1395
1314
1242
1176
1115
1060
1010
964
921
881
845
811
779
750
723
697
673
651
630
610
591
574
557
541
527
513
499
487
475
464
453
443
433
424
415
407
399
391
384
377
370
364
358
352
347
341
336
332
327
323
318
314
311
307
304
300
297
294
291
288
286
283
281
279
277
275
273
271
269
268
266
265
264
263
261
260
260
259
258
257
257
256
256
256
255
255
255
255
255
256
256
256
257
257
258
259
260
260
261
263
264
265
266
268
269
271
273
275
277
279
281
283
286
288
291
294
297
300
304
307
311
314
318
323
327
332
336
341
347
352
358
364
370
377
384
391
399
407
415
424
433
443
453
464
475
487
499
513
527
541
557
574
591
610
630
651
673
697
723
750
779
811
845
881
921
964
1010
1060
1115
1176
1242
1314
1395
1484
1583
1695
1820
1961
2123
2308
2522
2771
3064
3413
3833
4346
4984
5791
6839
8238
10171
12964
17242
24336
37530
66935
158287
828158
6636585
260541
75975
34144
18604
11286
7321
4965
3473
2483
1806
1334
1004
777
629
546
6246
6295
6446
6710
7106
7668
8449
9532
11055
13259
16583
21917
31282
50170
98371
299538
6822272
766083
132533
51001
26151
15579
10183
7091
5172
3907
3035
2412
1953
1607
1340
1132
965
831
721
631
556
492
439
393
354
320
290
265
242
222
205
189
175
162
151
141
132
124
116
110
103
98
92
88
83
79
75
72
69
66
63
60
58
56
54
52
50
48
47
45
44
42
41
40
39
38
37
36
35
34
33
33
32
31
31
30
29
29
28
28
27
27
26
26
26
25
25
25
24
24
24
24
23
23
23
23
23
22
22
22
22
22
22
22
22
21
21
21
21
21
21
21
21
21
21
21
21
21
21
21
22
22
22
22
22
22
22
22
23
23
23
23
23
24
24
24
24
25
25
25
26
26
26
27
27
28
28
29
29
30
31
31
32
33
33
34
35
36
37
38
39
40
41
42
44
45
47
48
50
52
54
56
58
60
63
66
69
72
75
79
83
88
92
98
103
110
116
124
132
141
151
162
175
189
205
222
242
265
290
320
354
393
439
492
556
631
721
831
965
1132
1340
1607
1953
2412
3035
3907
5172
7091
10183
15579
26151
51001
132533
766083
6822272
299538
98371
50170
31282
21917
16583
13259
11055
9532
8449
7668
7106
6710
6446
6295
1442
1443
1447
1452
1460
1470
1482
1497
1514
1534
1557
1582
1611
1644
1680
1720
1765
1814
1869
1930
1998
2073
2156
2250
2354
2470
2601
2749
2916
3107
3325
3576
3868
4209
4611
5089
5666
6370
7242
8342
9759
11631
14181
17787
23142
31622
46295
75248
146060
410629
4397963
2479750
317172
115259
58194
34604
22699
15898
11669
8871
6931
5534
4499
3713
3102
2620
2233
1919
1661
1447
1267
1115
986
875
780
697
625
562
506
457
414
375
340
310
282
257
235
214
196
179
164
150
138
126
116
106
97
89
81
75
68
62
57
52
47
43
39
36
32
29
27
24
22
20
18
16
14
13
11
10
9
8
7
7
6
6
6
5
5
5
6
6
6
7
7
8
9
10
11
13
14
16
18
20
22
24
27
29
32
36
39
43
47
52
57
62
68
75
81
89
97
106
116
126
138
150
164
179
196
214
235
257
282
310
340
375
414
457
506
562
625
697
780
875
986
1115
1267
1447
1661
1919
2233
2620
3102
3713
4499
5534
6931
8871
11669
15898
22699
34604
58194
115259
317172
2479750
4397963
410629
146060
75248
46295
31622
23142
17787
14181
11631
9759
8342
7242
6370
5666
5089
4611
4209
3868
3576
3325
3107
2916
2749
2601
2470
2354
2250
2156
2073
1998
1930
1869
1814
1765
1720
1680
1644
1611
1582
1557
1534
1514
1497
1482
1470
1460
1452
1447
1443
1649
1655
1673
1705
1750
1811
1891
1992
2119
2278
2478
2732
3058
3484
4053
4835
5953
7632
10333
15114
24916
50718
166736
7696722
299948
59177
23705
12403
7477
4924
3443
2516
1901
1475
1169
943
772
640
536
453
387
332
288
250
219
193
170
151
134
120
107
97
87
79
71
65
59
53
49
45
41
37
34
32
29
27
25
23
21
20
18
17
16
14
13
12
12
11
10
9
9
8
7
7
6
6
6
5
5
5
4
4
4
3
3
3
3
2
2
2
2
2
2
2
1
1
1
1
1
1
1
1
1
1
1
0
0
0
0
0
0
0
0
0
0
0
0
0
0
0
0
0
0
0
0
0
0
0
0
0
0
0
1
1
1
1
1
1
1
1
1
1
1
2
2
2
2
2
2
2
3
3
3
3
4
4
4
5
5
5
6
6
6
7
7
8
9
9
10
11
12
12
13
14
16
17
18
20
21
23
25
27
29
32
34
37
41
45
49
53
59
65
71
79
87
97
107
120
134
151
170
193
219
250
288
332
387
453
536
640
772
943
1169
1475
1901
2516
3443
4924
7477
12403
23705
59177
299948
7696722
166736
50718
24916
15114
10333
7632
5953
4835
4053
3484
3058
2732
2478
2278
2119
1992
1891
1811
1750
1705
1673
1655
80
81
82
84
88
92
97
104
112
122
134
149
166
187
212
243
281
328
387
463
562
693
871
1123
1493
2066
3019
4770
8518
18933
70213
8077072
111065
25310
11067
6237
4027
2831
2109
1639
1316
1083
910
777
673
590
522
467
420
381
347
319
294
272
253
236
221
207
195
184
174
166
157
150
143
137
131
126
121
116
112
108
105
101
98
95
92
90
87
85
83
81
79
77
75
73
72
70
69
68
67
65
64
63
62
61
60
59
59
58
57
56
56
55
55
54
53
53
53
52
52
51
51
51
50
50
50
50
49
49
49
49
49
49
48
48
48
48
48
48
48
48
48
49
49
49
49
49
49
50
50
50
50
51
51
51
52
52
53
53
53
54
55
55
56
56
57
58
59
59
60
61
62
63
64
65
67
68
69
70
72
73
75
77
79
81
83
85
87
90
92
95
98
101
105
108
112
116
121
126
131
137
143
150
157
166
174
184
195
207
221
236
253
272
294
319
347
381
420
467
522
590
673
777
910
1083
1316
1639
2109
2831
4027
6237
11067
25310
111065
8077072
70213
18933
8518
4770
3019
2066
1493
1123
871
693
562
463
387
328
281
243
212
187
166
149
134
122
112
104
97
92
88
84
82
81
62
62
62
63
63
64
65
66
67
68
69
71
73
75
77
79
82
85
89
92
96
101
105
111
117
123
130
138
147
157
168
180
193
208
226
245
267
292
321
355
393
439
492
556
632
725
838
980
1159
1390
1695
2107
2685
3526
4819
6949
10820
18981
41132
144428
7689535
282647
59692
25395
14082
8987
6260
4629
3574
2853
2337
1954
1663
1436
1255
1109
989
889
805
734
673
620
574
534
499
467
440
415
392
372
354
338
323
310
297
286
275
266
257
249
242
235
228
223
217
212
207
203
199
195
192
189
186
183
181
179
177
175
173
172
171
169
168
168
167
166
166
166
166
166
166
166
167
168
168
169
171
172
173
175
177
179
181
183
186
189
192
195
199
203
207
212
217
223
228
235
242
249
257
266
275
286
297
310
323
338
354
372
392
415
440
467
499
534
574
620
673
734
805
889
989
1109
1255
1436
1663
1954
2337
2853
3574
4629
6260
8987
14082
25395
59692
282647
7689535
144428
41132
18981
10820
6949
4819
3526
2685
2107
1695
1390
1159
980
838
725
632
556
492
439
393
355
321
292
267
245
226
208
193
180
168
157
147
138
130
123
117
111
105
101
96
92
89
85
82
79
77
75
73
71
69
68
67
66
65
64
63
63
62
62
11
11
12
15
18
22
27
33
40
48
58
69
82
96
112
130
151
174
199
229
262
299
341
389
444
506
578
660
756
867
998
1151
1333
1551
1815
2136
2532
3027
3657
4471
5545
7001
9033
11982
16473
23769
36722
62949
128788
381432
4301610
2552723
343501
131274
69679
43545
30011
22078
17018
13584
11141
9339
7968
6900
6050
5362
4797
4326
3929
3592
3302
3051
2832
2640
2471
2320
2186
2066
1958
1860
1772
1691
1618
1551
1489
1433
1381
1332
1288
1247
1209
1173
1140
1109
1081
1054
1029
1006
984
964
944
927
910
894
879
866
853
841
830
819
810
801
792
784
777
771
765
759
754
750
746
743
740
737
735
734
733
732
732
732
733
734
735
737
740
743
746
750
754
759
765
771
777
784
792
801
810
819
830
841
853
866
879
894
910
927
944
964
984
1006
1029
1054
1081
1109
1140
1173
1209
1247
1288
1332
1381
1433
1489
1551
1618
1691
1772
1860
1958
2066
2186
2320
2471
2640
2832
3051
3302
3592
3929
4326
4797
5362
6050
6900
7968
9339
11141
13584
17018
22078
30011
43545
69679
131274
343501
2552723
4301610
381432
128788
62949
36722
23769
16473
11982
9033
7001
5545
4471
3657
3027
2532
2136
1815
1551
1333
1151
998
867
756
660
578
506
444
389
341
299
262
229
199
174
151
130
112
96
82
69
58
48
40
33
27
22
18
15
12
11
